Total Average Accuracy ([0.0, 0.036, 0.036, 0.018]) (Average over 20 trials):
Random re-initialization (One-Shot): 0.8514000058174134
One-Shot: 0.8804350048303604
Random Pruning: 0.7454649969935417
Iterative Pruning: 0.9377000004053115
--------------------------------------------------------
iterpr_lenet_50it_5trials.npz contains:
PRUNING_PERCENTAGES = [0.0, 0.009, 0.009, 0.0045]
SETTINGS = {
    'split' : 0.0,
    'use_random_init' : False,
    'n_epochs' : 20,
    'eval_test' : True,
    'trials' : 5,
    'prune_iterations' : 50
}
S:
[0.0, 0.9100910641049827, 0.9100910641049827, 0.4550455320524914]
[0.0, 0.8282657449637398, 0.8282657449637398, 0.4141328724818699]
[0.0, 0.7537972531957562, 0.7537972531957562, 0.3768986265978781]
[0.0, 0.6860241442803389, 0.6860241442803389, 0.34301207214016943]
[0.0, 0.6243444434698038, 0.6243444434698038, 0.3121722217349019]
[0.0, 0.5682102989254669, 0.5682102989254669, 0.28410514946273346]
[0.0, 0.5171231155844885, 0.5171231155844885, 0.25856155779224427]
[0.0, 0.47062912653557115, 0.47062912653557115, 0.23531456326778558]
[0.0, 0.42831536256755653, 0.42831536256755653, 0.21415768128377827]
[0.0, 0.38980598409161904, 0.38980598409161904, 0.19490299204580952]
[0.0, 0.35475894285643156, 0.35475894285643156, 0.17737947142821578]
[0.0, 0.32286294380496855, 0.32286294380496855, 0.16143147190248427]
[0.0, 0.29383468008753105, 0.29383468008753105, 0.14691734004376553]
[0.0, 0.2674163166718083, 0.2674163166718083, 0.13370815833590416]
[0.0, 0.24337320019888106, 0.24337320019888106, 0.12168660009944053]
[0.0, 0.22149177474363466, 0.22149177474363466, 0.11074588737181733]
[0.0, 0.20157768496693562, 0.20157768496693562, 0.10078884248346781]
[0.0, 0.18345404981137742, 0.18345404981137742, 0.09172702490568871]
[0.0, 0.166959891407205, 0.166959891407205, 0.0834799457036025]
[0.0, 0.15194870523363554, 0.15194870523363554, 0.07597435261681777]
[0.0, 0.13828715883545373, 0.13828715883545373, 0.06914357941772686]
[0.0, 0.12585390753661285, 0.12585390753661285, 0.06292695376830643]
[0.0, 0.1145385166317661, 0.1145385166317661, 0.05726925831588305]
[0.0, 0.10424048048241027, 0.10424048048241027, 0.05212024024120514]
[0.0, 0.09486832980505146, 0.09486832980505146, 0.04743416490252573]
[0.0, 0.08633881922214173, 0.08633881922214173, 0.043169409611070866]
[0.0, 0.07857618785944671, 0.07857618785944671, 0.03928809392972336]
[0.0, 0.07151148642231689, 0.07151148642231689, 0.035755743211158444]
[0.0, 0.0650819647738154, 0.0650819647738154, 0.0325409823869077]
[0.0, 0.05923051457504466, 0.05923051457504466, 0.02961525728752233]
[0.0, 0.05390516203708809, 0.05390516203708809, 0.026952581018544045]
[0.0, 0.04905860627908502, 0.04905860627908502, 0.02452930313954251]
[0.0, 0.04464779919203987, 0.04464779919203987, 0.022323899596019936]
[0.0, 0.04063356307662916, 0.04063356307662916, 0.02031678153831458]
[0.0, 0.03698024265878637, 0.03698024265878637, 0.018490121329393185]
[0.0, 0.03365538839219536, 0.03365538839219536, 0.01682769419609768]
[0.0, 0.03062946823471956, 0.03062946823471956, 0.01531473411735978]
[0.0, 0.027875605338705693, 0.027875605338705693, 0.013937802669352847]
[0.0, 0.025369339325273202, 0.025369339325273202, 0.012684669662636601]
[0.0, 0.023088409022178274, 0.023088409022178274, 0.011544204511089137]
[0.0, 0.02101255473548531, 0.02101255473548531, 0.010506277367742655]
[0.0, 0.01912333829878202, 0.01912333829878202, 0.00956166914939101]
[0.0, 0.0174039793015781, 0.0174039793015781, 0.00870198965078905]
[0.0, 0.015839206042234308, 0.015839206042234308, 0.007919603021117154]
[0.0, 0.014415119881555093, 0.014415119881555093, 0.007207559940777547]
[0.0, 0.013119071792205369, 0.013119071792205369, 0.006559535896102684]
[0.0, 0.011939550007437847, 0.011939550007437847, 0.005969775003718924]
[0.0, 0.010866077771203766, 0.010866077771203766, 0.005433038885601883]
[0.0, 0.009889120281442334, 0.009889120281442334, 0.004944560140721167]
[0.0, 0.00900000000000002, 0.00900000000000002, 0.00450000000000001]




